,证券代码,证券名称,市值,市价,股票余额,可用余额,可用余额(SBL)
0,002475,立讯精密,187855.0,34.16,5500,4400,1400
1,000895,双汇发展,133171.0,30.97,4300,0,0
2,603799,华友钴业,128036.0,30.47,4200,0,0
3,600004,白云机场,109824.0,17.16,6400,3000,0
4,002273,水晶光电,109060.0,13.3,8200,8200,8200
5,300498,温氏股份,107550.0,35.85,3000,900,0
6,002142,宁波银行,101080.0,26.6,3800,3800,3800
7,300015,爱尔眼科,99920.0,41.63,2400,2400,800
8,601155,新城控股,89478.0,33.14,2700,2700,2700
9,603986,兆易创新,83050.0,166.1,500,500,500
10,002138,顺络电子,80580.0,23.7,3400,0,0
11,002607,中公教育,77511.0,18.03,4300,4300,1800
12,600093,易见股份,77116.0,14.83,5200,0,0
13,600031,三一重工,75633.0,14.83,5100,5100,5100
14,600763,通策医疗,74060.0,105.8,700,400,200
15,000799,酒鬼酒,73891.0,38.89,1900,1900,1900
16,002507,涪陵榨菜,69104.0,24.68,2800,2800,0
17,002156,通富微电,69012.0,12.78,5400,0,0
18,300136,信维通信,66572.0,39.16,1700,1700,1700
19,300003,乐普医疗,63737.0,33.54,1900,0,0
20,002821,凯莱英,62500.0,125.0,500,500,500
21,600276,恒瑞医药,53634.0,89.39,600,600,100
22,300124,汇川技术,52800.0,26.4,2000,2000,2000
23,600000,浦发银行,47760.0,11.94,4000,4000,4000
24,603369,今世缘,45315.0,30.21,1500,1500,1500
25,002916,深南电路,43370.0,144.57,300,300,100
26,000001,平安银行,40196.0,15.46,2600,2600,2600
27,000425,徐工机械,39846.0,4.58,8700,8700,8700
28,002075,沙钢股份,39552.0,6.18,6400,0,0
29,002100,天康生物,39488.0,12.34,3200,0,0
30,002537,海联金汇,39364.0,7.57,5200,0,0
31,300078,思创医惠,38874.0,12.54,3100,0,0
32,300251,光线传媒,38298.0,9.82,3900,3900,0
33,002812,恩捷股份,37305.0,41.45,900,0,0
34,600809,山西汾酒,37120.0,92.8,400,400,400
35,300760,迈瑞医疗,36862.0,184.31,200,0,0
36,300529,健帆生物,35755.0,71.51,500,500,500
37,600703,三安光电,35354.0,16.07,2200,2200,400
38,002415,海康威视,34782.0,31.62,1100,1100,0
39,002124,天邦股份,34533.0,12.79,2700,2700,2700
40,300274,阳光电源,34204.0,10.06,3400,3400,3400
41,600886,国投电力,33720.0,8.43,4000,4000,4000
42,300521,爱司凯,33425.0,9.55,3500,0,0
43,002153,石基信息,32211.0,35.79,900,900,900
44,000100,TCL 集团,29840.0,3.73,8000,8000,8000
45,000069,华侨城Ａ,26910.0,6.9,3900,3900,3900
46,002372,伟星新材,0.0,11.93,0,0,0
47,300458,全志科技,0.0,26.75,0,0,0
48,002236,大华股份,0.0,17.06,0,0,0
49,002129,中环股份,0.0,9.99,0,0,0
50,300433,蓝思科技,0.0,12.66,0,0,0
51,002110,三钢闽光,0.0,8.45,0,0,0
52,002384,东山精密,0.0,18.83,0,0,0
53,002399,海普瑞,0.0,17.21,0,0,0
54,300113,顺网科技,0.0,20.77,0,0,0
55,300054,鼎龙股份,0.0,7.98,0,0,0
56,002508,老板电器,0.0,29.77,0,0,0
57,601186,中国铁建,0.0,9.75,0,0,0
58,002745,木林森,0.0,12.52,0,0,0
{'资金余额': 6435.84, '冻结资金': 100.0, '可用金额': 38102.35, '可取金额': 6335.84, '股票市值': 833790.0, '总资产': 871992.35}{'担保资产': 2094526.59, '净资产': 1272006.26, '可用保证金': 8878.3, '可取金额': 0.0}